20220224143243
20220304201114
20220809011827
20220826203419
20221001013255
20221005190910
20221101003311
20221201101251
20230101112008
20230106030652
20230201205844
20230301111824
20230401211946
20230427120750
20230502003549
20230601211357
20230615124612
20230714071514
20230801110025
20230901101207
20231001150720
20231101111809
20231201025656
20240101013415
20240201150058
20240202203405
20240301023639
20240401011824
20240501035458
20240601152626
20240627214404
20240701054036
20240801185210
20240901032313
20241001081821
20241101045554
20241201063408
20241210194132
20241218025939
20250102175246
20250104041613
20250105092740
20250106075204
20250107021828
20250108184035
20250109212406
20250113000300
20250115051119
20250116062222
20250117155534
20250118144112
20250119192356
20250120161043
20250122000249
20250123083006
20250124000858
20250125042957
20250126155832
20250127025420
20250128171203
20250129180127
20250130084444
20250131031421
20250201020400
20250203025535
20250204054343
20250205145555
20250207020854
20250208174025
20250209140921
20250210010834
20250211011654
20250212170345
20250213021641
20250214011720
20250216124918
20250219163339
20250220022748
20250221003342
20250304161855
20250306174937
20250308103021
20250308124810
20250309031339
20250309153626
20250313172004
20250313231032
20250314002510
20250314174955
20250314231029
